import numpy as np

left = np.array([
    [5, 3, 0, 0],
    [0, 6, 0, 0],
    [2, 7, 0, 0],
    [0, 0, 0, 0]
])

right = np.array([
    [3, 7, 4, 0],
    [6, 9, 1, 0],
    [0, 0, 0, 0],
    [0, 0, 0, 0]
])


print(np.matmul(left, right))

'''
[100, 85, 85]
[98, 68, 83]
[61, 52, 55]

[[33 62 23  0]
 [36 54  6  0]
 [48 77 15  0]
 [ 0  0  0  0]]
'''
